0 0 0 0 0 0 0 0 0 0 0 0 0 0 0 0 0 0 0 0 
1 1 1 0 0 0 0 0 0 0 0 0 0 0 0 0 0 0 0 0 
2 2 2 2 2 2 1 1 0 0 0 0 0 0 0 0 0 0 0 0 
6 5 5 4 3 3 4 4 4 4 4 4 4 4 4 4 3 3 4 2 
7 5 5 5 5 4 4 4 4 4 5 5 5 5 5 6 6 6 8 7 
7 3 0 1 1 1 1 1 2 2 2 2 2 2 2 3 3 4 7 6 
7 2 0 0 0 0 0 0 0 0 0 0 0 0 0 0 0 2 5 5 
6 2 0 0 0 0 0 0 0 0 0 0 0 0 0 0 1 3 4 4 
7 2 0 0 0 0 0 0 0 0 0 0 0 0 0 0 1 3 4 5 
7 5 0 0 0 0 0 0 0 0 0 0 0 0 0 0 1 2 7 5 
6 6 1 0 0 0 0 0 0 0 0 0 0 0 0 0 1 4 7 3 
3 6 4 0 0 0 0 0 0 0 0 0 0 0 0 0 3 6 5 1 
3 5 6 2 0 0 0 0 0 0 0 0 0 0 0 3 7 6 2 0 
2 3 7 7 3 1 0 0 0 0 0 0 0 0 4 5 7 4 0 0 
1 1 2 5 7 6 4 3 1 0 0 1 3 4 5 5 3 0 0 0 
0 1 1 1 4 4 5 6 4 5 5 5 6 5 4 2 1 0 0 0 
0 0 1 1 1 2 2 4 4 5 5 4 3 2 2 1 0 0 0 0 
0 0 0 0 1 1 1 1 1 1 1 1 1 1 1 0 0 0 0 0 
0 0 0 0 0 0 0 0 0 0 0 0 0 0 0 0 0 0 0 0 
0 0 0 0 0 0 0 0 0 0 0 0 0 0 0 0 0 0 0 0 
