0 0 0 0 0 0 0 1 1 1 1 1 1 1 1 1 1 1 1 1 
1 1 1 1 1 1 1 1 1 0 0 1 0 0 0 0 0 0 0 0 
2 1 2 2 2 2 1 0 0 0 0 1 0 0 0 0 0 0 0 0 
3 3 3 2 3 3 4 3 3 3 3 4 2 2 1 1 1 1 1 0 
6 5 4 5 6 6 6 6 5 6 6 7 6 6 6 6 6 7 7 6 
9 4 4 4 4 3 3 3 4 5 7 5 2 0 0 0 0 0 1 1 
10 3 1 0 0 0 0 1 2 3 7 5 3 3 3 3 3 3 2 2 
10 3 0 0 0 0 0 0 1 2 7 4 0 0 0 1 1 1 2 2 
10 3 0 0 0 0 0 0 1 4 7 4 0 0 0 0 0 0 0 1 
10 3 0 0 0 0 0 0 1 3 7 4 0 0 0 0 0 0 0 0 
10 1 0 0 0 0 0 0 1 3 8 1 1 0 0 0 0 0 0 0 
10 1 0 0 0 0 0 0 1 3 8 1 1 0 0 0 0 0 0 0 
10 1 0 0 0 0 0 0 2 4 8 1 1 0 0 0 0 0 0 0 
10 1 0 0 0 0 0 0 1 3 6 1 1 0 0 0 0 0 0 0 
10 1 0 0 0 0 0 0 1 0 3 1 0 0 0 0 0 0 0 0 
8 1 0 0 0 0 0 0 1 0 2 0 0 0 0 0 0 0 0 0 
4 1 0 0 0 0 0 0 0 1 1 0 0 0 0 0 0 0 0 0 
1 1 0 0 0 0 0 0 0 1 0 0 0 0 0 0 0 0 0 0 
1 0 0 0 0 0 0 0 0 0 0 0 0 0 0 0 0 0 0 0 
0 0 0 0 0 0 0 0 0 0 0 0 0 0 0 0 0 0 0 0 
